%YAML:1.0
---
cameraMatrix: !!opencv-matrix
  rows: 3
  cols: 3
  dt: d
  data: [1.4166551351408673e+03,0.,9.6670524615764032e+02,0.,1.4202973150177575e+03,5.5373747781350630e+02,0.,0.,1.]

distortionCoeff: !!opencv-matrix
  rows: 1
  cols: 5
  dt: d
  data: [6.1457105460967228e-02,1.0385864499499082e+00,-7.9673291625841189e-04,-1.8986087897405451e-03,-6.9914917806265766e+00]
